$ANSIBLE_VAULT;1.1;AES256
32653862336336663832363734333666303737353435336135653536613866376532396535636135
3031383636643032656261656532663963363439653230300a343438366362323435313565333063
35663964373934306461336462323263396434353661336130373462393534656439653065316261
3638373964333931390a306532623935393033646364386463646131346361376463323163316535
63316666363833373164303231666266316337383934366531303764323238646362656530626230
63306165666566636331376361383735303935333736343437363333613238653137393438393765
66393962376632613165313662363734396161373835303232373463643330336339303464656632
34623337393738383462663261323439383235613261393038366264373463363862383266373838
30383137623938323166383531623930316238623538616536336635303563633430663161306237
33656630613438336566346363626530653532616363663037393935646564653936646362613564
36376631333365663661666631633833373234663838316237303238653132393439393463636363
66333835653432386636
